train_net: "./prototxt/v1_origin_3de.prototxt"
base_lr: 9.99999974738e-05
display: 50
max_iter: 1000000
lr_policy: "inv"
gamma: 0.0
power: 0.0
momentum: 0.899999976158
weight_decay: 9.99999974738e-05
snapshot: 10000
snapshot_prefix: "snapshot/v1_origin_3de/2018092010:42:01/snapshot_"
solver_mode: GPU
