train_net: "./prototxt/v1_basic.prototxt"
base_lr: 0.0010000000475
display: 50
max_iter: 1000000
lr_policy: "inv"
gamma: 0.0
power: 0.0
momentum: 0.899999976158
weight_decay: 9.99999974738e-05
snapshot: 5000
snapshot_prefix: "snapshot/v1_basic_debug/2018091715:25:39/snapshot_"
solver_mode: GPU
