train_net: "./prototxt/v1_basic.prototxt"
base_lr: 0.00999999977648
display: 50
max_iter: 1000000
lr_policy: "inv"
gamma: 0.000500000023749
power: 0.75
momentum: 0.899999976158
weight_decay: 9.99999974738e-05
snapshot: 5000
snapshot_prefix: "snapshot/v1_basic/2018091321:07:50/snapshot_"
solver_mode: GPU
