train_net: "./prototxt/v1_multi_1.prototxt"
base_lr: 9.99999974738e-05
display: 50
max_iter: 1000000
lr_policy: "inv"
gamma: 0.0
power: 0.0
momentum: 0.899999976158
weight_decay: 9.99999974738e-05
snapshot: 10000
snapshot_prefix: "snapshot/v1_multi_1/2018101817:49:20/snapshot_"
solver_mode: GPU
